日期,自oi多方期貨口數,自oi多方選擇權口數,自oi多方期貨契約金額,自oi多方選擇權契約金額,自oi空方期貨口數,自oi空方選擇權口數,自oi空方期貨契約金額,自oi空方選擇權契約金額,自oi多空淨額期貨口數,自oi多空淨額選擇權口數,自oi多空淨額期貨契約金額,自oi多空淨額選擇權契約金額,投oi多方期貨口數,投oi多方選擇權口數,投oi多方期貨契約金額,投oi多方選擇權契約金額,投oi空方期貨口數,投oi空方選擇權口數,投oi空方期貨契約金額,投oi空方選擇權契約金額,投oi多空淨額期貨口數,投oi多空淨額選擇權口數,投oi多空淨額期貨契約金額,投oi多空淨額選擇權契約金額,外oi多方期貨口數,外oi多方選擇權口數,外oi多方期貨契約金額,外oi多方選擇權契約金額,外oi空方期貨口數,外oi空方選擇權口數,外oi空方期貨契約金額,外oi空方選擇權契約金額,外oi多空淨額期貨口數,外oi多空淨額選擇權口數,外oi多空淨額期貨契約金額,外oi多空淨額選擇權契約金額
2020-08-27,64312,139455,68420146,976625,102026,112401,40698040,926638,-37714,27054,27722106,49987,6318,111,13790908,1012,42193,2688,102384809,11492,-35875,-2577,-88593901,-10480,95982,73304,161935452,774034,106770,69521,95345674,653178,-10788,3783,66589778,120856
2020-08-26,65035,119205,67946963,951584,99600,88733,40472412,864642,-34565,30472,27474551,86942,8091,111,14366673,964,43087,2688,103664082,12501,-34996,-2577,-89297409,-11537,95718,64612,162114946,740443,106538,63965,95827868,642622,-10820,647,66287078,97821
2020-08-25,66022,194120,71152341,1146882,100597,154577,43585256,1057078,-34575,39543,27567085,89804,8204,112,14450444,1050,43315,2688,103762793,12720,-35111,-2576,-89312349,-11670,94205,81855,159598397,791761,108539,78193,99067410,708269,-14334,3662,60530987,83492
2020-08-24,65116,154637,70192782,1018206,98155,133231,40768603,930883,-33039,21406,29424179,87323,8123,112,14102022,1417,43979,1488,104368418,8297,-35856,-1376,-90266396,-6880,91716,80032,152383356,734358,104203,75577,92327724,645199,-12487,4455,60055632,89159
2020-08-21,64117,145015,69791461,1048908,95684,139342,38250977,989904,-31567,5673,31540484,59004,8253,112,14350248,1696,44178,88,104438541,361,-35925,24,-90088293,1335,89424,75326,150277672,742949,103117,69333,94653095,633286,-13693,5993,55624577,109663
2020-08-20,63006,119951,70324672,1048678,94489,142839,36332825,1120235,-31483,-22888,33991847,-71557,8196,112,13912768,2809,45525,88,105644499,250,-37329,24,-91731731,2559,84005,56558,140738944,741779,114675,64138,110666558,666850,-30670,-7580,30072386,74929
2020-08-19,56335,98640,64224926,808088,92477,81119,35459520,770950,-36142,17521,28765406,37138,8178,112,14368464,1183,41814,42,100051981,302,-33636,70,-85683517,881,77433,41872,138908090,651850,102491,52095,99612331,577211,-25058,-10223,39295759,74639
2020-08-18,81665,200158,78978532,1596337,134679,171981,51202451,1252581,-53014,28177,27776081,343756,10386,114,14532454,915,41355,743,99526262,12753,-30969,-629,-84993808,-11838,105955,93794,166454904,1023589,124744,132216,114768475,1393765,-18789,-38422,51686429,-370176
2020-08-17,81078,195752,82349550,1723125,133540,146472,57411117,1285304,-52462,49280,24938433,437821,10375,63,14595332,95,41080,742,99462888,15584,-30705,-679,-84867556,-15489,112690,94051,177345411,1121701,122406,128447,113688360,1529943,-9716,-34396,63657051,-408242
2020-08-14,78306,177005,75683699,1444864,126850,153577,48166413,1207092,-48544,23428,27517286,237772,10355,64,14365664,50,41895,743,100480128,10740,-31540,-679,-86114464,-10690,110478,96721,170515464,999126,123233,125844,113137234,1292100,-12755,-29123,57378230,-292974
2020-08-13,78155,160321,73086727,1379713,128120,137258,49624489,1139846,-49965,23063,23462238,239867,10373,64,14349046,101,42928,743,102672525,9349,-32555,-679,-88323479,-9248,107488,92883,169223619,959441,123884,123183,114517502,1228533,-16396,-30300,54706117,-269092
2020-08-12,77199,152818,73107748,1312387,131411,134359,50412253,1093371,-54212,18459,22695495,219016,10489,64,14625644,184,43909,743,104611085,8098,-33420,-679,-89985441,-7914,106724,84166,167928402,917205,123301,115674,113886979,1147416,-16577,-31508,54041423,-230211
2020-08-11,76863,213223,78021882,1634934,133220,193702,57669151,1292450,-56357,19521,20352731,342484,10570,63,14928817,83,43511,743,104275922,10466,-32941,-680,-89347105,-10383,109965,87284,175047325,1009425,129051,128489,124345897,1302719,-19086,-41205,50701428,-293294
2020-08-10,75550,205278,77740144,1787927,131297,180595,55002184,1434724,-55747,24683,22737960,353203,10574,63,15076900,50,42935,743,103772594,14047,-32361,-680,-88695694,-13997,113781,87956,181760794,1130134,126933,122628,124097440,1502142,-13152,-34672,57663354,-372008
2020-08-07,77844,181445,79395874,1658925,131993,171266,54503807,1406966,-54149,10179,24892067,251959,10624,65,15140729,67,43514,744,104479651,12314,-32890,-679,-89338922,-12247,115833,89365,184652353,1116474,126806,119945,121210528,1411973,-10973,-30580,63441825,-295499
2020-08-06,74226,171090,75894113,1755506,128812,147651,52079335,1428272,-54586,23439,23814778,327234,10641,65,15282121,66,43165,744,104219080,14696,-32524,-679,-88936959,-14630,118331,86015,189526131,1176259,125017,110392,124063361,1502941,-6686,-24377,65462770,-326682
2020-08-05,70852,141341,71727031,1532662,126142,114426,49013996,1205905,-55290,26915,22713035,326757,10663,65,15264261,98,43224,745,103592512,12714,-32561,-680,-88328251,-12616,118066,75930,188350289,1045349,124686,96364,123793359,1328060,-6620,-20434,64556930,-282711
2020-08-04,72289,175531,76840765,1478996,123223,162741,50742348,1266310,-50934,12790,26098417,212686,10683,70,15238756,46,43619,749,103681889,10281,-32936,-679,-88443133,-10235,115547,83026,182241119,989078,123939,107333,120853277,1203714,-8392,-24307,61387842,-214636
2020-08-03,70865,164863,74936903,1392325,117872,178097,48236199,1285204,-47007,-13234,26700704,107121,10514,70,14641144,168,44553,749,104462573,7360,-34039,-679,-89821429,-7192,108916,79320,171016152,949903,131881,109222,131326588,1105606,-22965,-29902,39689564,-155703
2020-07-31,66374,163093,69376177,1573632,115094,143621,48237162,1326601,-48720,19472,21139015,247031,10512,70,14798847,179,43224,749,102268197,10906,-32712,-679,-87469350,-10727,112717,71295,178087103,1021242,124838,97959,122963434,1228167,-12121,-26664,55123669,-206925
2020-07-30,66741,154220,68909956,1571907,113141,132260,46429274,1326999,-46400,21960,22480682,244908,10476,70,14785499,180,43591,349,103356405,7387,-33115,-279,-88570906,-7207,113167,69543,178178125,1023469,117623,91636,113713178,1205707,-4456,-22093,64464947,-182238
2020-07-29,64424,131131,65321484,1374695,111578,101096,45928871,1128119,-47154,30035,19392613,246576,10462,70,14560215,323,43634,349,102032814,5586,-33172,-279,-87472599,-5263,109506,59500,171845375,862437,122326,84809,117981750,1033350,-12820,-25309,53863625,-170913
2020-07-28,64429,188910,68154144,1726803,107881,173825,46206302,1514023,-43452,15085,21947842,212780,10540,71,14766676,162,42454,349,99386373,6444,-31914,-278,-84619697,-6282,105804,70675,165533575,983172,116613,96367,110052429,1153705,-10809,-25692,55481146,-170533
2020-07-27,63874,171936,69433167,1481642,107007,150744,43090473,1323371,-43133,21192,26342694,158271,10476,71,14636263,138,41675,349,97774243,6355,-31199,-278,-83137980,-6217,108798,60745,169881555,850813,113879,90544,105247780,1070798,-5081,-29799,64633775,-219985
2020-07-24,63657,139859,67028697,1032485,106024,146198,41379248,1018230,-42367,-6339,25649449,14255,10332,71,14088895,421,42665,349,97383735,2963,-32333,-278,-83294840,-2542,105833,58558,163014176,649884,120609,86306,113797828,764694,-14776,-27748,49216348,-114810
2020-07-23,61063,126891,66026420,943124,105526,137603,37838889,1001270,-44463,-10712,28187531,-58146,10342,71,14280965,235,41297,349,95103131,3808,-30955,-278,-80822166,-3573,104874,53973,160132891,655108,121331,76853,119871763,739871,-16457,-22880,40261128,-84763
2020-07-22,56467,113756,59284107,917645,103107,96882,38924636,867381,-46640,16874,20359471,50264,10332,71,14300445,203,40029,349,92317300,4105,-29697,-278,-78016855,-3902,107579,49332,167288107,659903,119171,67014,116900062,709966,-11592,-17682,50388045,-50063
2020-07-21,58612,172074,65761636,1091014,101034,145938,41945302,1031525,-42422,26136,23816334,59489,10062,73,13597811,132,39598,349,90938985,3865,-29536,-276,-77341174,-3733,108548,64073,166781553,696462,111722,71017,109378943,696274,-3174,-6944,57402610,188
2020-07-20,56832,142746,60867738,791402,96459,137968,38497606,802099,-39627,4778,22370132,-10697,10167,73,13576761,247,40579,49,91421284,154,-30412,24,-77844523,93,102555,52914,151675407,560736,105387,64678,93858486,545711,-2832,-11764,57816921,15025
2020-07-17,53602,131709,57212375,804869,95936,116100,38942867,769857,-42334,15609,18269508,35012,10455,73,14317375,303,40579,49,91466928,186,-30124,24,-77149553,117,99000,48907,148663449,573632,104071,58245,92253028,557431,-5071,-9338,56410421,16201
2020-07-16,50112,110112,54839686,774986,88818,112750,35093882,793016,-38706,-2638,19745804,-18030,10208,73,13678949,372,40594,49,91404455,223,-30386,24,-77725506,149,96514,42422,144039886,562369,103147,53721,93727814,565269,-6633,-11299,50312072,-2900
2020-07-15,46686,95433,50497537,778632,83871,77445,34508312,689366,-37185,17988,15989225,89266,10028,73,13350925,367,39357,49,88850321,294,-29329,24,-75499396,73,95112,33420,145940953,541419,95004,45911,89091889,548155,108,-12491,56849064,-6736
2020-07-14,69668,201263,69869070,1508009,108913,182415,44242910,1237916,-39245,18848,25626160,270093,8931,73,12820699,157,39320,49,88361946,286,-30389,24,-75541247,-129,115801,108674,175435405,1142471,113412,132302,107630581,1416713,2389,-23628,67804824,-274242
2020-07-13,67059,185014,66282612,1440158,107815,156261,43499230,1147325,-40756,28753,22783382,292833,8743,75,12471881,132,39110,51,88190060,323,-30367,24,-75718179,-191,119052,103793,178631385,1089925,115598,121327,104702058,1336974,3454,-17534,73929327,-247049
2020-07-10,63303,166034,60281769,1243461,104210,145420,42365205,1031191,-40907,20614,17916564,212270,8660,75,12147693,251,39770,51,88888159,216,-31110,24,-76740466,35,124811,101423,187791626,891819,116745,113007,101679704,1034926,8066,-11584,86111922,-143107
2020-07-09,61474,151531,61027180,1326123,99973,130528,38171259,1107257,-38499,21003,22855921,218866,8017,75,11911080,132,38573,51,87344888,385,-30556,24,-75433808,-253,119409,96738,182122684,1054954,119736,107707,107991076,1212215,-327,-10969,74131608,-157261
2020-07-08,59266,140877,58817023,1329859,97850,106136,39693735,1034887,-38584,34741,19123288,294972,8018,76,11882094,170,39347,52,89051058,514,-31329,24,-77168964,-344,122035,86784,184279726,1022444,120230,101436,109232569,1187149,1805,-14652,75047157,-164705
2020-07-07,59777,218221,58047015,1503781,96235,170031,40558117,1193113,-36458,48190,17488898,310668,7703,75,11742233,46,41050,52,92424320,389,-33347,23,-80682087,-343,123609,99596,185252139,949673,120682,114119,106108928,1108771,2927,-14523,79143211,-159098
2020-07-06,59147,204253,58738053,1594997,94142,162608,42875381,1300031,-34995,41645,15862672,294966,7693,76,11757674,21,41051,52,92716255,488,-33358,24,-80958581,-467,123985,96073,186830174,1037877,120748,105851,107200180,1158997,3237,-9778,79629994,-121120
2020-07-03,58909,176518,57632511,1155117,85682,137141,39831839,871571,-26773,39377,17800672,283546,7589,76,11334833,53,42485,52,94313151,184,-34896,24,-82978318,-131,124339,90382,186333603,692621,114370,100876,93596303,831114,9969,-10494,92737300,-138493
2020-07-02,59828,153679,58439559,938447,83929,127550,38315593,733282,-24101,26129,20123966,205165,7490,76,10984729,93,42906,52,94186543,89,-35416,24,-83201814,4,126563,85166,181455492,551398,117131,95200,99390073,675041,9432,-10034,82065419,-123643
2020-07-01,56167,124530,53551391,795356,78743,103487,35134206,598177,-22576,21043,18417185,197179,7503,76,10871415,200,43797,52,95027570,44,-36294,24,-84156155,156,118007,74461,172299354,462851,118589,80694,101830924,571582,-582,-6233,70468430,-108731
2020-06-30,57016,141719,54644243,791777,76806,140273,33658855,658655,-19790,1446,20985388,133122,7329,77,10445623,126,43781,52,94373324,38,-36452,25,-83927701,88,108271,77942,157669888,471890,116340,87645,96265488,564900,-8069,-9703,61404400,-93010
2020-06-29,54595,140203,51212333,861292,74421,140829,31138518,709530,-19826,-626,20073815,151762,7211,77,10120165,309,44694,52,95576479,35,-37483,25,-85456314,274,106184,72124,157342422,484153,117285,88129,96843153,632428,-11101,-16005,60499269,-148275
2020-06-24,52441,115392,50317533,848395,73211,98683,33518194,623490,-20770,16709,16799339,224905,7088,77,9983589,231,43318,52,93742704,86,-36230,25,-83759115,145,111099,66933,166071611,504672,115619,77761,97730991,646089,-4520,-10828,68340620,-141417
2020-06-23,55605,157606,55621221,864593,73846,139948,36676369,670849,-18241,17658,18944852,193744,7153,77,10077228,159,43638,52,93927276,63,-36485,25,-83850048,96,107320,74391,161510231,481768,112021,85240,94504629,604618,-4701,-10849,67005602,-122850
2020-06-22,53913,146405,53362378,856746,71483,126816,34801409,653945,-17570,19589,18560969,202801,6611,77,9686977,196,43673,52,93715118,59,-37062,25,-84028141,137,100867,70656,156312077,475505,110016,82607,93135957,605173,-9149,-11951,63176120,-129668
2020-06-19,51865,118225,50412327,785658,70023,110757,33667559,625574,-18158,7468,16744768,160084,6447,77,9354568,228,43563,52,93363564,69,-37116,25,-84008996,159,94573,65869,144545651,469688,101007,69446,81039148,567347,-6434,-3577,63506503,-97659
2020-06-18,49740,110148,48432899,807134,66564,99661,31233578,617053,-16824,10487,17199321,190081,6425,77,9289889,293,43563,52,93249840,89,-37138,25,-83959951,204,94588,62330,147178916,479490,93920,63718,78698870,579428,668,-1388,68480046,-99938
2020-06-17,43317,82902,45210355,725237,58997,75281,28852208,537326,-15680,7621,16358147,187911,6463,77,9345383,359,43593,52,93035034,93,-37130,25,-83689651,266,89808,55699,144157984,459330,89593,50237,79549107,521035,215,5462,64608877,-61705
2020-06-16,67612,341068,60351055,1557350,84296,309838,45694490,1433699,-16684,31230,14656565,123651,6208,79,8806316,82,43638,53,92907944,141,-37430,26,-84101628,-59,114658,198981,174592097,1573356,116435,195907,101930672,1549702,-1777,3074,72661425,23654
2020-06-15,70635,308109,59941698,1505257,83471,307496,42668392,1456587,-12836,613,17273306,48670,7630,79,9298943,799,46246,53,94182901,78,-38616,26,-84883958,721,108801,194220,163423868,1475735,113414,186211,90776869,1540185,-4613,8009,72646999,-64450
2020-06-12,69278,292735,59245783,1510133,82396,297070,40749225,1495003,-13118,-4335,18496558,15130,6171,79,8757246,496,43006,53,91611818,115,-36835,26,-82854572,381,104974,184430,164646472,1514078,116959,176694,97766468,1562062,-11985,7736,66880004,-47984
2020-06-11,70947,285523,60545125,1477688,82047,274809,43353313,1446558,-11100,10714,17191812,31130,6159,79,8868402,356,42563,53,89369478,138,-36404,26,-80501076,218,107206,176071,168655021,1561209,110389,164588,85171101,1543535,-3183,11483,83483920,17674
2020-06-10,72772,277675,66208181,1663759,86673,261703,47800558,1594537,-13901,15972,18407623,69222,6253,79,9146289,149,39237,53,83234415,253,-32984,26,-74088126,-104,107065,170744,165543807,1875875,108085,148665,85727433,1746924,-1020,22079,79816374,128951
2020-06-09,71570,323903,64897004,1720506,87150,305480,48841594,1606086,-15580,18423,16055410,114420,6241,80,9057896,44,38771,6,81461321,137,-32530,74,-72403425,-93,107508,178494,164936939,1777316,106589,151031,80988133,1676235,919,27463,83948806,101081
2020-06-08,70640,315637,63104526,1694190,87372,293458,48534475,1489717,-16732,22179,14570051,204473,6266,81,9087290,45,37762,13,78874953,277,-31496,68,-69787663,-232,103067,174884,155749231,1701423,105024,149858,76963422,1692955,-1957,25026,78785809,8468
2020-06-05,72282,291583,63397619,1589836,85904,269302,46241431,1311059,-13622,22281,17156188,278777,6291,82,9061863,40,38396,26,79551028,436,-32105,56,-70489165,-396,106701,160526,158485689,1500870,102231,145528,72402931,1582556,4470,14998,86082758,-81686
2020-06-04,72209,275117,61763245,1558946,82808,259629,45546450,1225314,-10599,15488,16216795,333632,6270,81,8935988,75,39679,54,81776884,740,-33409,27,-72840896,-665,102351,153280,149968207,1384126,100042,140333,66559643,1529758,2309,12947,83408564,-145632
2020-06-03,73462,262127,62044695,1520136,81826,242793,44883713,1136686,-8364,19334,17160982,383450,6246,81,8824446,130,40047,54,82063195,627,-33801,27,-73238749,-497,108673,143755,156862045,1296533,100266,134634,68499610,1484849,8407,9121,88362435,-188316
2020-06-02,73302,306114,60543258,1583630,77301,277721,41417669,1088431,-3999,28393,19125589,495199,6319,81,8854401,70,40751,54,82342739,371,-34432,27,-73488338,-301,100045,147743,147240712,1175359,101084,148126,67808278,1478738,-1039,-383,79432434,-303379
2020-06-01,72914,288146,59630246,1617068,75082,262869,41118853,1076681,-2168,25277,18511393,540387,6329,81,8824994,104,40970,54,82454923,337,-34641,27,-73629929,-233,101505,145480,148490661,1169292,102591,144270,70568441,1510729,-1086,1210,77922220,-341437
2020-05-29,72475,274732,58778626,1737412,70417,264926,36990168,1155725,2058,9806,21788458,581687,6228,81,8604745,264,41904,54,83467605,235,-35676,27,-74862860,29,101616,135846,141364571,1165314,102353,133940,67429098,1587753,-737,1906,73935473,-422439
2020-05-28,72361,262347,57148332,1763898,67674,249501,35592925,1174720,4687,12846,21555407,589178,6286,81,8642624,328,41912,54,83423449,244,-35626,27,-74780825,84,96290,128630,136223300,1177792,102958,133588,68611124,1632873,-6668,-4958,67612176,-455081
2020-05-27,70467,242069,57409723,1631533,67455,229336,35452307,1069219,3012,12733,21957416,562314,6305,81,8730001,263,40507,54,83048336,297,-34202,27,-74318335,-34,95903,123085,135322130,1148532,99184,127187,67376627,1565467,-3281,-4102,67945503,-416935
2020-05-26,70362,282563,57334101,1738513,66619,260833,35369524,1150091,3743,21730,21964577,588422,6297,81,8723093,139,40307,54,82693448,309,-34010,27,-73970355,-170,96681,127196,137878104,1162430,98809,132652,68780376,1554130,-2128,-5456,69097728,-391700
2020-05-25,72146,264320,56734042,1876721,64302,263312,33509976,1264442,7844,1008,23224066,612279,6255,81,8505034,239,41342,54,83708798,185,-35087,27,-75203764,54,87154,120090,127336461,1168470,99197,133894,66273997,1686267,-12043,-13804,61062464,-517797
2020-05-22,74190,245055,58962103,2051090,60955,252256,33038220,1434337,13235,-7201,25923883,616753,6244,81,8425452,429,43834,54,88472411,173,-37590,27,-80046959,256,85435,112286,129513847,1225077,105399,121744,71297539,1798725,-19964,-9458,58216308,-573648
2020-05-21,68894,238867,56618537,1674170,58526,228106,31304578,1115368,10368,10761,25313959,558802,6234,81,8569104,203,42235,54,86692571,309,-36001,27,-78123467,-106,90327,110347,133735468,1142549,93728,102292,65084999,1521665,-3401,8055,68650469,-379116
2020-05-20,66202,211066,52073942,1762231,54877,205082,29816378,1130106,11325,5984,22257564,632125,6394,81,8598871,334,43582,54,88814463,278,-37188,27,-80215592,56,81391,90228,127367710,1119586,86372,93490,57492192,1618794,-4981,-3262,69875518,-499208
2020-05-19,91689,333470,61330137,2399903,82797,306392,43654579,1622203,8892,27078,17675558,777700,6677,81,8811975,65,44597,55,90563345,168,-37920,26,-81751370,-103,117417,165430,158877159,1529561,126039,183434,86693673,2205744,-8622,-18004,72183486,-676183
2020-05-18,95883,323339,62840499,2588789,82905,316419,42469069,1829141,12978,6920,20371430,759648,6672,81,8719079,233,46430,55,93737349,147,-39758,26,-85018270,86,114769,163886,159991441,1566234,131912,183347,94654973,2303683,-17143,-19461,65336468,-737449
2020-05-15,97454,316151,63610310,2580569,81939,291761,44509486,1796474,15515,24390,19100824,784095,6199,82,8395757,232,45756,42,93027336,111,-39557,40,-84631579,121,115797,165129,161778297,1620139,120394,176401,80219617,2293221,-4597,-11272,81558680,-673082
2020-05-14,98895,295760,63988161,2675597,82382,273094,45034656,1859566,16513,22666,18953505,816031,6199,83,8348492,349,46236,56,93574087,104,-40037,27,-85225595,245,109776,164268,156012026,1637324,127159,178209,84966177,2383864,-17383,-13941,71045849,-746540
2020-05-13,98752,287525,65916977,2477628,80949,258580,45130859,1721325,17803,28945,20786118,756303,6228,83,8534518,178,44058,56,90287781,224,-37830,27,-81753263,-46,109951,157977,160244092,1637242,122315,168420,80204808,2275177,-12364,-10443,80039284,-637935
2020-05-12,97936,319989,65921253,2576874,79872,301655,45043487,1847731,18064,18334,20877766,729143,6228,83,8499862,67,43840,43,89474202,147,-37612,40,-80974340,-80,104862,170499,152732858,1667346,124956,175531,82220633,2309060,-20094,-5032,70512225,-641714
2020-05-11,97003,319242,66234486,2639192,79957,284617,46079357,1891131,17046,34625,20155129,748061,6326,84,8755300,53,42790,45,88141313,320,-36464,39,-79386013,-267,102686,167013,151011673,1789665,121944,169883,81760299,2390357,-19258,-2870,69251374,-600692
2020-05-08,95316,302404,65332882,2780995,78305,276171,44242027,1985251,17011,26233,21090855,795744,6317,85,8668450,71,43431,49,88836827,395,-37114,36,-80168377,-324,100024,153040,147673479,1760267,120333,159582,78353200,2409993,-20309,-6542,69320279,-649726
2020-05-07,95146,294201,65215233,2957303,75956,271455,43360097,2125569,19190,22746,21855136,831734,6316,85,8617638,126,43359,49,88188700,366,-37043,36,-79571062,-240,98932,147963,145114051,1782835,116874,152474,74078491,2463349,-17942,-4511,71035560,-680514
2020-05-06,94833,273948,63505568,3140690,74924,257652,43609597,2270239,19909,16296,19895971,870451,6286,85,8487814,237,43122,49,86999096,336,-36836,36,-78511282,-99,97589,142542,143663999,1826931,113974,140195,68383526,2519916,-16385,2347,75280473,-692985
2020-05-05,93805,307156,63571245,3276491,74786,295373,44294610,2370541,19019,11783,19276635,905950,6300,84,8481145,116,42326,57,82978290,512,-36026,27,-74497145,-396,95408,145648,138901604,1845337,117113,149181,73230064,2564158,-21705,-3533,65671540,-718821
2020-05-04,93112,295828,61862836,3689552,74642,278572,43246771,2697192,18470,17256,18616065,992360,6271,84,8335603,324,41081,57,79503375,453,-34810,27,-71167772,-129,96260,145461,140516147,1939254,119115,151160,75667534,2773730,-22855,-5699,64848613,-834476
2020-04-30,92636,287654,63647734,3035404,74423,252738,42172396,2184752,18213,34916,21475338,850652,6369,84,8824118,109,38515,57,76414677,830,-32146,27,-67590559,-721,102390,135850,149728138,1916151,113761,134935,77150388,2466667,-11371,915,72577750,-550516
2020-04-29,91893,265839,61509780,2977353,72202,237549,42101422,2039962,19691,28290,19408358,937391,6456,84,8824146,265,39481,58,76826079,798,-33025,26,-68001933,-533,100323,133577,148891280,1678007,113189,122721,74687788,2330901,-12866,10856,74203492,-652894
2020-04-28,92297,295087,60845632,3230674,70813,266349,40391749,2302367,21484,28738,20453883,928307,6468,88,8751976,132,40432,60,77942698,1080,-33964,28,-69190722,-948,98019,139912,145433424,1675432,114769,127324,77022658,2413238,-16750,12588,68410766,-737806
2020-04-27,91882,282633,61606626,3353112,69823,260143,40495091,2395179,22059,22490,21111535,957933,6397,88,8631009,163,40327,60,77452150,1047,-33930,28,-68821141,-884,101787,137427,145747928,1713869,116050,122253,78108206,2468158,-14263,15174,67639722,-754289
2020-04-24,93944,267254,60696127,4091202,65247,254708,37747686,2954073,28697,12546,22948441,1137129,6452,88,8527671,381,41243,60,79286148,630,-34791,28,-70758477,-249,96041,125381,136935385,1781653,114848,115354,69261758,2757955,-18807,10027,67673627,-976302
2020-04-23,95181,255156,62143384,4115415,63416,251830,36584659,3036754,31765,3326,25558725,1078661,6456,88,8558304,398,41644,60,80301209,702,-35188,28,-71742905,-304,94757,117900,135454412,1787029,113650,110090,69385381,2744247,-18893,7810,66069031,-957218
2020-04-22,91232,240558,59685410,4438079,63382,230214,36661797,3279785,27850,10344,23023613,1158294,6431,88,8452624,583,42361,60,81223753,672,-35930,28,-72771129,-89,92134,112730,132541368,1864834,113766,106462,71654608,2882151,-21632,6268,60886760,-1017317
2020-04-21,91851,279542,63969363,4567607,62633,289388,39034597,3393630,29218,-9846,24934766,1173977,6441,88,8446399,527,42245,60,80792417,645,-35804,28,-72346018,-118,91910,113847,133821636,1848768,108965,109788,64744159,2881435,-17055,4059,69077477,-1032667
2020-04-20,84121,261645,62271867,3482853,59672,261942,35579440,2561167,24449,-297,26692427,921686,6513,88,8823723,253,39494,60,77246377,1005,-32981,28,-68422654,-752,82647,113386,119141082,1695992,103987,104722,66889212,2458855,-21340,8664,52251870,-762863
2020-04-17,83662,256179,60751151,3348206,58036,245260,36573149,2440872,25626,10919,24178002,907334,6780,88,9433619,243,39241,60,77359398,1191,-32461,28,-67925779,-948,84046,109995,121609417,1705683,95633,96995,59990087,2371708,-11587,13000,61619330,-666025
2020-04-16,75457,232473,55430120,3733810,57655,231942,35077680,2698847,17802,531,20352440,1034963,6774,88,9184986,494,40612,60,78240931,720,-33838,28,-69055945,-226,89142,106462,121655519,1705691,89310,88671,52894424,2551499,-168,17791,68761095,-845808
2020-04-15,72485,212329,55081162,3531333,56880,211974,33600291,2550455,15605,355,21480871,980878,6779,88,9217505,523,40162,60,77495692,756,-33383,28,-68278187,-233,83129,97680,115705638,1652178,79321,76990,46792928,2448651,3808,20690,68912710,-796473
2020-04-14,101357,357429,73489268,5016698,99890,313740,61995610,3385305,1467,43689,11493658,1631393,6753,90,9119383,239,40911,60,78594407,714,-34158,30,-69475024,-475,110353,177518,152611851,2421646,94751,193420,64728213,3813840,15602,-15902,87883638,-1392194
2020-04-13,100873,321638,71549333,6048309,97839,296375,63453047,4207393,3034,25263,8096286,1840916,6891,90,9171971,484,41581,60,77845828,444,-34690,30,-68673857,40,105884,173131,148214137,2567342,92265,186549,56624509,4258269,13619,-13418,91589628,-1690927
2020-04-10,98463,312072,69346684,5765711,95897,289817,62159267,4009112,2566,22255,7187417,1756599,6884,90,9258869,348,38772,60,73151016,567,-31888,30,-63892147,-219,109627,175902,156374958,2552442,95339,184853,65363070,4170033,14288,-8951,91011888,-1617591
2020-04-09,96180,301593,65727747,5998538,93826,276784,57040448,4120730,2354,24809,8687299,1877808,6890,89,9250070,407,38597,59,72624778,590,-31707,30,-63374708,-183,106717,170458,152762078,2587610,95611,182885,66579626,4309022,11106,-12427,86182452,-1721412
2020-04-08,91996,288337,60517239,5891814,93164,265161,52189026,4079086,-1168,23176,8328213,1812728,6896,90,9300873,316,37912,58,71429764,624,-31016,32,-62128891,-308,101546,166066,146054515,2607659,91395,174011,63566747,4262569,10151,-7945,82487768,-1654910
2020-04-07,90048,324397,57726095,6430950,94846,297516,53592006,4436474,-4798,26881,4134089,1994476,6787,91,8981314,59,38404,0,71542627,0,-31617,91,-62561313,59,107106,190086,145791157,2726217,85359,180154,53014757,4459230,21747,9932,92776400,-1733013
2020-04-06,86832,298508,56093345,7189967,91557,287673,50600112,5028026,-4725,10835,5493233,2161941,6741,91,8735786,138,40372,0,74161397,0,-33631,91,-65425611,138,104506,187365,141736166,2861020,84172,176608,51481465,4847071,20334,10757,90254701,-1986051
2020-04-01,86113,270898,53351054,9193020,88410,254587,48662794,6596190,-2297,16311,4688260,2596830,6712,91,8443167,795,41424,600,74156341,7200,-34712,-509,-65713174,-6405,107817,188535,143884028,3567142,83879,170567,46760569,5803046,23938,17968,97123459,-2235904
2020-03-31,86985,318148,55296662,9314542,87797,302052,50426149,6778063,-812,16096,4870513,2536479,7048,83,9123484,358,40474,600,72653180,7890,-33426,-517,-63529696,-7532,106037,186857,140467662,3657995,84599,181562,48805279,5861101,21438,5295,91662383,-2203106
2020-03-30,82825,301115,54079853,9800608,88219,291293,49123165,7269113,-5394,9822,4956688,2531495,7123,83,9233913,496,40537,600,72555207,8250,-33414,-517,-63321294,-7754,103914,181230,136305706,3733449,83971,177284,47372782,5971378,19943,3946,88932924,-2237929
2020-03-27,80309,293312,52765214,9771646,88038,270585,49594175,7200117,-7729,22727,3171039,2571529,7124,83,9261868,716,39631,600,70937851,9480,-32507,-517,-61675983,-8764,101972,168742,134871032,3780379,80581,166162,46158533,5974760,21391,2580,88712499,-2194381
2020-03-26,76188,275303,51491170,9551052,86029,266093,46856141,7114449,-9841,9210,4635029,2436603,7043,83,9154613,692,40201,400,72423569,5700,-33158,-317,-63268956,-5008,101822,165486,134280533,3771915,79830,157942,47350722,5907180,21992,7544,86929811,-2135265
2020-03-25,72870,246749,50772789,9548394,84135,226158,48646160,6318329,-11265,20591,2126629,3230065,7111,83,9341122,786,40230,400,72148353,5940,-33119,-317,-62807231,-5154,107038,150340,137376456,3415353,77683,154171,46723211,6349387,29355,-3831,90653245,-2934034
2020-03-24,72317,293575,49878836,11566443,93223,263890,61081053,6932173,-20906,29685,-11202217,4634270,7160,88,9062419,732,41964,0,72400172,0,-34804,88,-63337753,732,111937,151334,139848719,3923034,75826,175038,44027466,8268631,36111,-23704,95821253,-4345597
2020-03-23,71967,258403,49237467,15280423,94075,247711,60332237,9247735,-22108,10692,-11094770,6032688,7054,88,8387161,2473,45175,0,73826438,0,-38121,88,-65439277,2473,114956,143094,139347291,5123235,75260,171841,42291058,10934536,39696,-28747,97056233,-5811301
2020-03-20,67539,250402,48653785,12768955,92885,229009,61023668,7684053,-25346,21393,-12369883,5084902,7159,88,8949231,1657,40600,0,68771172,0,-33441,88,-59821941,1657,111472,133100,139162532,4396895,76827,163285,46463458,9187860,34645,-30185,92699074,-4790965
2020-03-19,67720,218724,47763269,17602820,96436,194957,58587095,10648022,-28716,23767,-10823826,6954798,6924,88,7892949,3794,46892,0,74065088,0,-39968,88,-66172139,3794,101995,109297,126786009,5733740,72132,148111,40611080,12494725,29863,-38814,86174929,-6760985
2020-03-18,61628,207403,49130491,13133567,93935,172458,55987069,7547871,-32307,34945,-6856578,5585696,6531,87,7683553,2386,41790,55,69908601,77,-35259,32,-62225048,2309,89747,94586,118696123,4239603,70870,137380,43706914,9601754,18877,-42794,74989209,-5362151
2020-03-17,93286,396374,63527424,15610734,134592,458615,79187874,8688695,-41306,-62241,-15660450,6922039,6277,80,7543194,5034,43657,57,75623570,202,-37380,23,-68080376,4832,127469,206506,173457639,6051516,103983,288677,95122386,13610947,23486,-82171,78335253,-7559431
2020-03-16,95014,382801,66224656,12087012,133193,410441,76369414,6172771,-38179,-27640,-10144758,5914241,5674,83,6727575,4030,41924,59,75437212,283,-36250,24,-68709637,3747,124272,184505,176513820,4532042,104697,275464,102881061,10832837,19575,-90959,73632759,-6300795
2020-03-13,88256,370325,62555284,8970772,132166,383849,73381402,4924612,-43910,-13524,-10826118,4046160,5703,86,7117110,2906,40381,60,75708145,435,-34678,26,-68591035,2471,125791,163678,185872665,3610920,112297,266415,115943584,8017970,13494,-102737,69929081,-4407050
2020-03-12,82261,366428,58677047,6166328,134656,328943,70912847,3433046,-52395,37485,-12235800,2733282,6957,86,7359025,1789,37836,60,72977938,660,-30879,26,-65618913,1129,109439,145511,160616207,2748346,103261,247953,97932385,5561037,6178,-102442,62683822,-2812691
2020-03-11,72456,342662,55087047,3732374,127868,283077,61579882,2358336,-55412,59585,-6492835,1374038,6957,85,7680144,759,34513,0,69013582,0,-27556,85,-61333438,759,95460,133694,143639879,2032783,101065,226386,94150817,3429803,-5605,-92692,49489062,-1397020
2020-03-10,64664,410951,52967109,3329326,121319,408049,56721847,2356729,-56655,2902,-3754738,972597,6973,85,7831098,647,33558,0,67903612,0,-26585,85,-60072514,647,94895,152969,141186771,1848051,103016,248009,100212125,2980691,-8121,-95040,40974646,-1132640
2020-03-09,59913,414059,47275756,3625455,122470,344787,60057947,2225067,-62557,69272,-12782191,1400388,7083,85,8030574,1086,33395,0,67333192,0,-26312,85,-59302618,1086,98984,139748,151550879,1739184,94955,240096,86967274,3264727,4029,-100348,64583605,-1525543
2020-03-06,55434,380429,47055019,2151459,115448,302784,52856186,1536342,-60014,77645,-5801167,615117,5490,85,7002346,600,30622,0,63036739,0,-25132,85,-56034393,600,91698,132535,142890475,1368292,97808,242849,98065847,2037797,-6110,-110314,44824628,-669505
2020-03-05,52647,359417,43345816,1519163,108256,259266,46553747,1269556,-55609,100151,-3207931,249607,5477,85,7222816,254,29922,0,62150670,0,-24445,85,-54927854,254,102010,113442,163398311,1221255,90684,210313,95149541,1358963,11326,-96871,68248770,-137708
2020-03-04,49475,317828,39330949,1776553,107942,233326,45358918,1379132,-58467,84502,-6027969,397421,5283,85,7057792,490,28831,0,58417234,0,-23548,85,-51359442,490,94801,97531,149240369,1250317,89725,191700,89726994,1601277,5076,-94169,59513375,-350960
2020-03-03,46920,368253,37250141,1879550,113351,292894,49629748,1440784,-66431,75359,-12379607,438766,5264,89,6988095,456,26133,57,52106395,22,-20869,32,-45118300,434,89762,121607,142086400,1294035,94546,206826,93177959,1661191,-4784,-85219,48908441,-367156
2020-03-02,45217,326206,38414823,2112365,112140,291988,47747857,1634450,-66923,34218,-9333034,477915,5159,89,6672906,897,25920,60,50945922,36,-20761,29,-44273016,861,89940,109835,139411010,1334483,102204,192606,103582092,1869534,-12264,-82771,35828918,-535051
2020-02-27,43745,317871,36183029,1969752,108829,248637,46248610,1564444,-65084,69234,-10065581,405308,4991,89,6364930,803,25904,60,51378031,42,-20913,29,-45013101,761,86890,97348,136185709,1255560,91426,161776,92763783,1583452,-4536,-64428,43421926,-327892
2020-02-26,40817,259631,35656728,1353348,101421,198151,40454679,1211862,-60604,61480,-4797951,141486,4941,89,6329155,512,26350,60,51537590,66,-21409,29,-45208435,446,85598,80392,137110291,1089199,89777,139316,90384657,1176887,-4179,-58924,46725634,-87688
2020-02-25,41301,303474,36854510,1085135,100173,261852,42370119,1128540,-58872,41622,-5515609,-43405,4920,90,6339474,344,26521,60,52517872,96,-21601,30,-46178398,248,88297,101308,143416114,1041402,86104,144073,81982829,894831,2193,-42765,61433285,146571
2020-02-24,39110,286105,34878549,1107867,96209,235744,43188193,1112712,-57099,50361,-8309644,-4845,4968,90,6434643,482,25525,60,52370974,84,-20557,30,-45936331,398,85589,94287,139219804,1036024,86365,138021,80608290,932800,-776,-43734,58611514,103224
2020-02-21,39558,269279,36105585,820734,95302,205633,42585614,987396,-55744,63646,-6480029,-166662,4793,90,6113564,276,25333,60,52605609,153,-20540,30,-46492045,123,82139,87880,133973422,974550,77983,122843,72874056,714651,4156,-34963,61099366,259899
2020-02-20,39256,236792,36910248,695509,90527,190352,39462144,903819,-51271,46440,-2551896,-208310,4804,90,6156564,225,24820,60,51909744,183,-20016,30,-45753180,42,79558,75660,131990848,914390,76971,106854,72806124,648999,2587,-31194,59184724,265391
2020-02-19,38810,211344,36503737,641209,86161,143219,40459092,769919,-47351,68125,-3955355,-128710,4787,90,6124581,203,24812,60,52110637,234,-20025,30,-45986056,-31,86291,64885,145600005,868677,68448,94230,67815809,605066,17843,-29345,77784196,263611
2020-02-18,59500,298341,52997992,971593,111015,301174,53575612,1118324,-51515,-2833,-577620,-146731,4787,90,6051101,201,25238,62,52509909,10,-20451,28,-46458808,191,105743,179439,187490600,1118708,104734,204522,118450544,932302,1009,-25083,69040056,186406
2020-02-17,54052,296351,45846672,890733,104954,268132,47551316,1039181,-50902,28219,-1704644,-148448,4673,90,5849955,115,25950,112,54773163,199,-21277,-22,-48923208,-84,106081,174207,184881363,1078174,93990,198199,100119304,825030,12091,-23992,84762059,253144
2020-02-14,54421,301056,46185018,924994,104932,243394,49435246,1065486,-50511,57662,-3250228,-140492,4633,90,5759577,101,25498,112,53949405,431,-20865,-22,-48189828,-330,99373,176332,169543070,1133571,81114,193506,78112701,830428,18259,-17174,91430369,303143
2020-02-13,54418,295625,45524635,982654,102616,241078,48460486,1094971,-48198,54547,-2935851,-112317,4631,89,5737002,96,25502,112,53806512,426,-20871,-23,-48069510,-330,101576,172362,168597343,1173073,77626,186578,68392673,876102,23950,-14216,100204670,296971
2020-02-12,53470,264204,45942014,945276,99899,219518,45402897,1064920,-46429,44686,539117,-119644,4601,89,5666750,119,25439,112,53636728,465,-20838,-23,-47969978,-346,101756,162889,166252202,1151387,79053,174815,71371552,863242,22703,-11926,94880650,288145
2020-02-11,50621,314274,41920802,1088996,103047,281669,47052661,1165915,-52426,32605,-5131859,-76919,4581,90,5569628,43,25878,114,54175906,276,-21297,-24,-48606278,-233,94780,183742,152936240,1198931,81590,183242,71355829,980630,13190,500,81580411,218301
2020-02-10,50330,293488,41452256,1207232,102679,279429,45871126,1258525,-52349,14059,-4418870,-51293,4591,90,5543945,123,26519,114,55197821,211,-21928,-24,-49653876,-88,96233,176547,154755650,1306828,81938,173673,71831474,1132769,14295,2874,82924176,174059
2020-02-07,50013,278660,40718878,1222324,101267,250897,45323628,1242320,-51254,27763,-4604750,-19996,4607,90,5585793,168,27213,114,56918407,285,-22606,-24,-51332614,-117,94489,165961,152777732,1316654,77724,164891,68188438,1129027,16765,1070,84589294,187627
2020-02-06,50098,258715,41842327,1114076,96008,218890,42151466,1210880,-45910,39825,-309139,-96804,4648,90,5748067,94,27332,114,57933218,610,-22684,-24,-52185151,-516,101183,144753,164048654,1209638,76550,150418,72816149,924400,24633,-5665,91232505,285238
2020-02-05,47617,229916,38145831,1154607,97033,199411,43690409,1117998,-49416,30505,-5544578,36609,4629,90,5602585,285,27869,64,58201365,134,-23240,26,-52598780,151,99953,133322,159673379,1234496,81581,142455,76575455,1143859,18372,-9133,83097924,90637
2020-02-04,47680,275083,40663059,1228148,97445,262348,42538929,1238748,-49765,12735,-1875870,-10600,4680,93,5715813,176,27615,64,57572591,150,-22935,29,-51856778,26,96795,146051,155954690,1283297,80684,153885,76583462,1197765,16111,-7834,79371228,85532
2020-02-03,45869,248789,39857391,1406573,103648,261491,48291936,1324586,-57779,-12702,-8434545,81987,4646,93,5521376,535,30061,64,62045035,82,-25415,29,-56523659,453,95218,140524,154411115,1487980,85287,152378,82754036,1588600,9931,-11854,71657079,-100620
2020-01-31,41624,229345,33758739,1150178,101888,210367,44100404,1100327,-60264,18978,-10341665,49851,4580,97,5249925,420,29936,68,62603425,146,-25356,29,-57353500,274,98995,120671,159235728,1246217,85953,133056,87913983,1235131,13042,-12385,71321745,11086
2020-01-30,41534,172574,34953133,1211223,102537,169983,45760203,1131958,-61003,2591,-10807070,79265,4600,99,5277245,846,30948,68,64480192,136,-26348,31,-59202947,710,87732,86434,143841636,1301390,98064,122101,105282314,1414597,-10332,-35667,38559322,-113207
2020-01-20,38977,205144,34296041,592789,95943,166716,40666966,818110,-56966,38428,-6370925,-225321,4551,96,5530269,154,28368,65,62425918,143,-23817,31,-56895649,11,91225,83724,159324993,941760,82325,109906,82049924,637174,8900,-26182,77275069,304586
2020-01-17,38617,186931,32567159,567345,92493,151164,39824683,794810,-53876,35767,-7257524,-227465,4565,96,5544744,196,28897,65,63496052,122,-24332,31,-57951308,74,90899,78677,156805977,923020,82693,102112,79606507,618331,8206,-23435,77199470,304689
2020-01-16,37201,164661,31262296,535216,88689,129211,38371200,744669,-51488,35450,-7108904,-209453,4564,96,5533549,236,28897,65,63400771,124,-24333,31,-57867222,112,89709,74878,157737996,919350,82661,93465,82376074,612788,7048,-18587,75361922,306562
2020-01-15,34442,135049,29511659,473326,83998,100144,37983105,685909,-49556,34905,-8471446,-212583,4554,96,5501237,252,29689,65,65327120,127,-25135,31,-59825883,125,89629,66505,162665734,898532,74116,79410,73300946,564240,15513,-12905,89364788,334292
2020-01-14,51701,265452,39978460,643222,111880,215254,51496392,878123,-60179,50198,-11517932,-234901,4566,97,5582278,86,31133,67,68914511,193,-26567,30,-63332233,-107,111936,129268,202394202,1103018,94824,156284,104286836,759603,17112,-27016,98107366,343415
2020-01-13,51558,243689,40813572,590359,112589,207090,51191084,802513,-61031,36599,-10377512,-212154,4552,97,5529237,64,31398,117,69258995,133,-26846,-20,-63729758,-69,117124,122061,211656115,1017507,95242,142760,106768766,688385,21882,-20699,104887349,329122
2020-01-10,51375,213148,42096658,599188,113736,197499,52580586,805507,-62361,15649,-10483928,-206319,4550,100,5480372,57,30871,117,67461341,158,-26321,-17,-61980969,-101,107486,117889,190984767,1002790,92849,138625,96403937,695806,14637,-20736,94580830,306984
2020-01-09,50185,201389,41206640,580771,115740,175391,54072015,763565,-65555,25998,-12865375,-182794,4523,100,5398141,75,28581,117,62195363,119,-24058,-17,-56797222,-44,102585,100059,175637016,938392,87615,118910,84575138,605278,14970,-18851,91061878,333114
2020-01-08,43814,174947,33381300,610528,113715,156972,49176881,764536,-69901,17975,-15795581,-154008,4505,100,5275495,299,29199,117,62502141,34,-24694,-17,-57226646,265,97811,83291,164622335,911641,89342,104552,82050782,634844,8469,-21261,82571553,276797
2020-01-07,42450,203109,35962169,643823,108860,230526,48723152,913005,-66410,-27417,-12760983,-269182,4512,100,5328891,135,28881,120,62186359,109,-24369,-20,-56857468,26,90463,91768,153900045,902765,95248,109237,89657626,626808,-4785,-17469,64242419,275957
2020-01-06,41703,200079,36023377,614014,108641,206324,47975898,884436,-66938,-6245,-11952521,-270422,4536,100,5402692,113,29530,120,63278346,236,-24994,-20,-57875654,-123,93926,88803,162884575,920896,94625,103102,90082241,615841,-699,-14299,72802334,305055
2020-01-03,42622,171873,38034459,552475,104759,171054,42700953,908752,-62137,819,-4666494,-356277,4559,100,5519627,63,29322,120,63517357,543,-24763,-20,-57997730,-480,95478,77042,168927613,991754,89477,86812,86604935,569718,6001,-9770,82322678,422036
2020-01-02,42239,134485,37701270,460308,105254,143343,45639203,838148,-63015,-8858,-7937933,-377840,4591,100,5602277,49,29335,120,63615057,611,-24744,-20,-58012780,-562,96305,60558,169677056,932801,89338,65226,84919674,498636,6967,-4668,84757382,434165
2019-12-31,38603,162359,34358729,520881,103882,164403,47300914,834247,-65279,-2044,-12942185,-313366,4578,104,5516240,72,30819,120,66875077,423,-26241,-16,-61358837,-351,97186,72841,170893623,882055,93295,86394,85636402,508610,3891,-13553,85257221,373445
2019-12-30,38730,159798,33749619,514514,101253,160033,44188887,834605,-62523,-235,-10439268,-320091,4608,104,5622904,57,29965,120,66073745,594,-25357,-16,-60450841,-537,96957,69701,172211131,931087,87768,80168,80995812,516227,9189,-10467,91215319,414860
2019-12-27,38228,160530,33295316,529456,98115,159980,41690820,858012,-59887,550,-8395504,-328556,4612,104,5638291,55,29778,120,65774280,692,-25166,-16,-60135989,-637,98017,67284,174237080,940276,86617,73249,81047272,514041,11400,-5965,93189808,426235
2019-12-26,37407,141705,33179926,483871,96313,156446,39304722,811950,-58906,-14741,-6124796,-328079,4599,104,5567906,92,29798,120,65333295,525,-25199,-16,-59765389,-433,93366,59828,164175294,881204,88412,69418,82051893,492164,4954,-9590,82123401,389040
2019-12-25,36223,123188,31547000,462244,95339,126263,39605339,776776,-59116,-3075,-8058339,-314532,4604,104,5580192,98,29296,120,64190122,565,-24692,-16,-58609930,-467,93260,52922,164428851,874675,81781,58996,74582181,474029,11479,-6074,89846670,400646
2019-12-24,35739,168861,30800192,510082,97660,168654,43293797,778394,-61921,207,-12493605,-268312,4643,109,5659773,110,29300,124,64011521,532,-24657,-15,-58351748,-422,91808,70448,163191887,881184,80511,73554,73765353,487130,11297,-3106,89426534,394054
2019-12-23,35283,159056,29705482,507156,95370,164881,41303439,764823,-60087,-5825,-11597957,-257667,4754,109,5940092,105,29300,124,64206279,605,-24546,-15,-58266187,-500,96258,69841,170962882,895095,77322,72804,70824759,504301,18936,-2963,100138123,390794
2019-12-20,35897,155056,30562584,552710,94496,152553,41928971,753150,-58599,2503,-11366387,-200440,4761,109,5943630,157,29298,124,63979583,536,-24537,-15,-58035953,-379,95456,65452,170056674,879509,75665,66972,69223781,492514,19791,-1520,100832893,386995
2019-12-19,35248,132806,32308934,512943,91155,132916,40144641,751528,-55907,-110,-7835707,-238585,4648,109,5692254,132,29297,124,64265879,674,-24649,-15,-58573625,-542,96737,52291,172838769,873880,73489,55582,67176052,472099,23248,-3291,105662717,401781
2019-12-18,34455,97223,31340330,472656,84781,84168,36917405,730198,-50326,13055,-5577075,-257542,4629,109,5680686,110,28684,124,63134193,832,-24055,-15,-57453507,-722,96133,43266,173792471,879162,67403,40415,62018387,427632,28730,2851,111774084,451530
2019-12-17,65605,289370,58645654,1049333,108920,271684,53670441,1535340,-43315,17686,4975213,-486007,4607,110,5633759,93,28348,124,62297635,836,-23741,-14,-56663876,-743,125503,149131,229690440,1713642,105068,166581,120035215,859649,20435,-17450,109655225,853993
2019-12-16,68293,277433,53627890,825366,111005,255016,53685561,1167022,-42712,22417,-57671,-341656,4596,111,5539143,128,27279,124,58996411,450,-22683,-13,-53457268,-322,128246,149085,235931134,1390395,100169,168599,115554138,715157,28077,-19514,120376996,675238
2019-12-13,66866,276269,51183648,906389,112375,238571,55716199,1178148,-45509,37698,-4532551,-271759,4580,112,5503803,134,25580,125,54997964,645,-21000,-13,-49494161,-511,120162,144076,215185374,1419030,91068,166624,94892482,759043,29094,-22548,120292892,659987
2019-12-12,65147,248927,48364785,776170,110440,200761,55539261,963891,-45293,48166,-7174476,-187721,4538,112,5342595,121,24851,126,52749584,521,-20313,-14,-47406989,-400,114300,135557,195230678,1201114,81197,162602,68293324,656197,33103,-27045,126937354,544917
2019-12-11,63248,200001,47350218,558231,107645,164035,53200828,745566,-44397,35966,-5850610,-187335,4481,113,5145167,51,24822,129,52008896,285,-20341,-16,-46863729,-234,110704,111662,189133421,962834,81112,150097,70493430,553544,29592,-38435,118639991,409290
2019-12-10,58310,241480,42843519,575701,104975,217723,50906683,764759,-46665,23757,-8063164,-189058,4496,116,5144323,20,25041,129,52161149,177,-20545,-13,-47016826,-157,105312,115969,179742639,903308,89078,148638,80491788,555187,16234,-32669,99250851,348121
2019-12-09,58160,267698,42627241,666875,106147,200250,56555384,770567,-47987,67448,-13928143,-103692,4492,116,5153768,20,24827,129,51872501,260,-20335,-13,-46718733,-240,113809,117980,194749477,952275,81776,144312,70707514,560284,32033,-26332,124041963,391991
2019-12-06,56561,255197,40842329,657349,102577,198628,54832850,744522,-46016,56569,-13990521,-87173,4481,116,5105717,36,25144,129,52338864,188,-20663,-13,-47233147,-152,114399,113878,188973886,903929,81151,139016,68256080,554463,33248,-25138,120717806,349466
2019-12-05,56241,234112,39926232,658398,99197,184983,51893654,738515,-42956,49129,-11967422,-80117,4480,116,5095796,51,25155,129,52303013,193,-20675,-13,-47207217,-142,113161,108227,187565796,902422,82640,127901,71123599,548644,30521,-19674,116442197,353778
2019-12-04,54249,186393,38352805,586797,96745,158834,49349137,689111,-42496,27559,-10996332,-102314,4458,116,4999944,121,25498,129,52652668,109,-21040,-13,-47652724,12,105249,95087,174201463,855051,82641,119202,70416991,568482,22608,-24115,103784472,286569
2019-12-03,52332,226158,38680528,639232,96036,207862,50846460,744791,-43704,18296,-12165932,-105559,4459,120,5013599,79,25411,133,52550187,150,-20952,-13,-47536588,-71,109183,118528,179512771,875888,78469,130636,68727779,570662,30714,-12108,110784992,305226
2019-12-02,51160,217709,38446284,662782,96472,202175,50514431,749702,-45312,15534,-12068147,-86920,4463,120,5014460,114,25415,133,52467669,151,-20952,-13,-47453209,-37,102806,119038,169909504,887737,79200,134206,71640171,610146,23606,-15168,98269333,277591
2019-11-29,49535,193770,37720232,667061,95799,188152,48228378,778099,-46264,5618,-10508146,-111038,4460,120,4990294,214,25215,133,51825397,135,-20755,-13,-46835103,79,98741,113035,162077996,913831,90973,135304,83262742,661853,7768,-22269,78815254,251978
2019-11-28,51263,189700,38346857,566100,90428,170059,44102861,704188,-39165,19641,-5756004,-138088,4455,120,5045033,82,24570,133,51008117,335,-20115,-13,-45963084,-253,99373,97984,166676549,897329,80428,114838,69820441,561122,18945,-16854,96856108,336207
2019-11-27,53550,153365,39278111,531192,89816,128989,45781094,666852,-36266,24376,-6502983,-135660,4469,120,5094601,71,24370,133,50694893,408,-19901,-13,-45600292,-337,104220,85729,175946005,881075,74495,97890,62367098,533253,29725,-12161,113578907,347822
2019-11-26,50657,211071,38009617,622466,89601,172072,49565750,689706,-38944,38999,-11556133,-67240,4495,121,5090038,72,24370,133,50568119,385,-19875,-12,-45478081,-313,103204,101115,173214360,895203,74283,111954,63382828,562979,28921,-10839,109831532,332224
2019-11-25,48969,197550,36849586,648998,86061,174314,46461045,722144,-37092,23236,-9611459,-73146,4555,121,5205292,106,24601,133,50873959,333,-20046,-12,-45668667,-227,97418,98378,163614071,895305,75493,111133,65516752,568562,21925,-12755,98097319,326743
2019-11-22,48236,190281,36632761,635334,82943,168422,44056346,723833,-34707,21859,-7423585,-88499,4546,121,5166581,140,25305,133,52455442,311,-20759,-12,-47288861,-171,95210,92350,163787081,893114,72242,112044,66393916,584902,22968,-19694,97393165,308212
2019-11-21,47520,180023,36089967,665399,79722,144764,41950782,720519,-32202,35259,-5860815,-55120,4529,121,5135359,186,25310,133,52428120,336,-20781,-12,-47292761,-150,97152,85530,166828070,896980,69447,106050,64029467,599861,27705,-20520,102798603,297119
2019-11-20,45328,139315,35655428,552004,72499,104290,37423502,660364,-27171,35025,-1768074,-108360,4650,121,5360640,159,25583,133,53310809,449,-20933,-12,-47950169,-290,90538,67669,159845063,862872,65280,79492,62107121,525865,25258,-11823,97737942,337007
2019-11-19,71511,299423,50215549,1012709,105065,245679,53582904,999252,-33554,53744,-3367355,13457,4636,125,5381610,88,25580,150,53502191,1640,-20944,-25,-48120581,-1552,121009,182134,209853222,1310530,94339,192457,104904126,708495,26670,-10323,104949096,602035
2019-11-18,72506,284570,49112492,937440,106254,234887,54493890,934181,-33748,49683,-5381398,3259,4622,126,5323199,93,25907,150,54004404,1386,-21285,-24,-48681205,-1293,119341,179286,206336085,1205419,89120,186672,97903868,677506,30221,-7386,108432217,527913
2019-11-15,72975,282556,45743794,927419,106562,237271,53327682,917717,-33587,45285,-7583888,9702,4797,126,5736018,91,25923,151,53763684,1143,-21126,-25,-48027666,-1052,117626,177003,201968061,1125628,90086,183544,96450303,669597,27540,-6541,105517758,456031
2019-11-14,71914,269469,44526305,877576,107781,228182,54578619,872231,-35867,41287,-10052314,5345,4776,126,5660001,66,26345,151,54386168,820,-21569,-25,-48726167,-754,119093,169457,200523701,1034220,85773,170612,87361184,644806,33320,-1155,113162517,389414
2019-11-13,71403,248911,45300434,884751,106620,208931,54722522,883375,-35217,39980,-9422088,1376,4776,126,5662957,112,27239,153,56479013,674,-22463,-27,-50816056,-562,117733,160300,196456902,1062157,83344,166708,80039087,668057,34389,-6408,116417815,394100
2019-11-12,72965,308011,48187438,972852,108540,279361,58198798,990086,-35575,28650,-10011360,-17234,4777,129,5692473,37,27222,153,56726237,900,-22445,-24,-51033764,-863,122947,180087,201684529,1139353,83119,182186,81481990,680158,39828,-2099,120202539,459195
2019-11-11,68243,298770,43821468,1029204,108894,263292,59705367,987056,-40651,35478,-15883899,42148,4776,129,5653556,146,28844,153,60009329,657,-24068,-24,-54355773,-511,121383,172879,200083971,1092925,82029,177358,77881383,714421,39354,-4479,122202588,378504
2019-11-08,71270,275127,46446421,975640,106316,242511,54018050,977352,-35046,32616,-7571629,-1712,4798,129,5775893,54,28210,152,59255581,1027,-23412,-23,-53479688,-973,119023,165833,197391945,1223170,79104,172278,73550085,686656,39919,-6445,123841860,536514
2019-11-07,70272,265069,45070288,1009695,105029,219565,53979875,987529,-34757,45504,-8909587,22166,5133,130,6566207,69,28271,153,59522380,1200,-23138,-23,-52956173,-1131,119962,166012,201372991,1281387,77100,166194,73537454,693863,42862,-182,127835537,587524
2019-11-06,70803,244626,47155546,1081765,104126,181271,53598630,1030543,-33323,63355,-6443084,51222,5499,131,7451237,85,28948,154,61377773,1588,-23449,-23,-53926536,-1503,123939,155526,209128391,1418265,76332,148294,73661961,707901,47607,7232,135466430,710364
2019-11-05,69882,290255,48527070,1161828,105059,227494,56263946,1089511,-35177,62761,-7736876,72317,5597,133,7675881,34,29859,155,63464750,1889,-24262,-22,-55788869,-1855,127923,163437,214108923,1437335,77094,160623,74166021,730109,50829,2814,139942902,707226
2019-11-04,68681,273605,46133076,1031925,100788,211397,53827834,944916,-32107,62208,-7694758,87009,5594,137,7602810,35,31586,152,66889151,1781,-25992,-15,-59286341,-1746,131864,155963,219078120,1206743,73887,152316,67949386,651286,57977,3647,151128734,555457
2019-11-01,65254,231973,43702823,754967,96929,192264,47547454,770138,-31675,39709,-3844631,-15171,5599,140,7501553,38,32723,160,68464302,892,-27124,-20,-60962749,-854,122018,138406,201346644,904520,71754,144038,62072462,529648,50264,-5632,139274182,374872
2019-10-31,62716,232546,41733012,774126,96054,193826,47126943,782162,-33338,38720,-5393931,-8036,5609,140,7502098,70,32798,160,68470483,828,-27189,-20,-60968385,-758,121422,132205,200260789,888255,71025,136818,62140943,531604,50397,-4613,138119846,356651
2019-10-30,60572,205112,40263205,746529,96398,156155,48100166,741186,-35826,48957,-7836961,5343,5586,140,7443251,87,32939,160,68746523,836,-27353,-20,-61303272,-749,121106,123676,198271634,855527,70488,126076,61685269,498323,50618,-2400,136586365,357204
2019-10-29,58935,224968,39687241,700918,96329,177426,48553896,678022,-37394,47542,-8866655,22896,5586,143,7438465,48,32944,162,68677323,795,-27358,-19,-61238858,-747,119559,130782,196728226,769434,70241,130475,62497635,435620,49318,307,134230591,333814
2019-10-28,56743,217191,39906405,689720,94238,184572,45509293,676456,-37495,32619,-5602888,13264,5591,143,7443249,53,32944,162,68586745,771,-27353,-19,-61143496,-718,116442,132071,195614222,762590,68650,128458,62017557,429623,47792,3613,133596665,332967
2019-10-25,54884,207536,39915778,676123,92456,180995,43643520,664940,-37572,26541,-3727742,11183,5640,143,7531750,65,33259,162,69124163,723,-27619,-19,-61592413,-658,113851,131541,193443592,754042,69837,125296,66908277,435202,44014,6245,126535315,318840
2019-10-24,56071,207227,41581309,670839,90953,171442,44077737,667418,-34882,35785,-2496428,3421,5633,143,7523662,72,33327,162,69309573,727,-27694,-19,-61785911,-655,116424,126612,197938241,745853,66374,119595,63554952,434245,50050,7017,134383289,311608
2019-10-23,53121,175184,39861679,602183,89377,138969,45327277,570694,-36256,36215,-5465598,31489,5624,143,7448611,127,33549,162,69269220,502,-27925,-19,-61820609,-375,112229,120227,190754657,692300,67258,109924,67597656,436660,44971,10303,123157001,255640
2019-10-22,54794,217676,43051656,671847,89686,201846,45712070,665202,-34892,15830,-2660414,6645,5643,149,7511005,91,33083,165,68470183,638,-27440,-16,-60959178,-547,111576,128247,191073276,727734,65765,119583,67338602,431527,45811,8664,123734674,296207
2019-10-21,50979,205686,39302814,629474,89222,191092,46174060,632264,-38243,14594,-6871246,-2790,6027,149,8314655,144,33110,165,68022782,456,-27083,-16,-59708127,-312,110485,116835,188248424,692246,68099,112381,71120451,434584,42386,4454,117127973,257662
2019-10-18,49164,206535,38338827,641151,87463,186490,48058350,632512,-38299,20045,-9719523,8639,6067,149,8376418,169,33807,165,69531579,446,-27740,-16,-61155161,-277,110417,113154,192193356,689063,62425,109895,68010817,432050,47992,3259,124182539,257013
2019-10-17,46746,190521,36198122,571382,83635,150900,44477269,556906,-36889,39621,-8279147,14476,6055,149,8376917,178,33807,165,69597061,503,-27752,-16,-61220144,-325,116643,103850,200169598,659683,56376,102432,63986203,387188,60267,1418,136183395,272495
2019-10-16,42863,156515,34501178,499058,80527,114436,44883916,478678,-37664,42079,-10382738,20380,6075,149,8408859,252,33736,165,69270940,485,-27661,-16,-60862081,-233,110353,89225,192749647,612881,51715,90794,63128994,368605,58638,-1569,129620653,244276
2019-10-15,61563,238290,45634677,629618,107748,202081,58832819,565441,-46185,36209,-13198142,64177,6105,150,8441038,155,33767,1801,69066793,520,-27662,-1651,-60625755,-365,129167,199388,227666957,731032,76285,188709,95917064,521873,52882,10679,131749893,209159
2019-10-14,61728,218806,43736170,610282,113140,182227,61697531,525667,-51412,36579,-17961361,84615,6102,151,8417579,122,33350,1802,67983458,554,-27248,-1651,-59565879,-432,127724,189812,221307220,692480,72189,181397,88398389,525595,55535,8415,132908831,166885
2019-10-09,59276,173727,42539120,519173,112985,172004,56990479,509743,-53709,1723,-14451359,9430,6067,153,8196095,189,34363,1805,68247019,4587,-28296,-1652,-60050924,-4398,115531,175595,195455100,630055,71383,150064,79929229,510877,44148,25531,115525871,119178
2019-10-08,62512,245443,49067769,645101,120212,217416,68264700,584961,-57700,28027,-19196931,60140,6104,155,8358896,42,33122,1705,66268218,2216,-27018,-1550,-57909322,-2174,124926,182378,210987234,673304,60876,154960,70700831,468538,64050,27418,140286403,204766
2019-10-07,60212,232583,47626753,514161,117873,225883,62319034,556874,-57661,6700,-14692281,-42713,6141,155,8372642,75,33212,1705,65931337,3572,-27071,-1550,-57558695,-3497,115275,175209,190797215,561232,61809,146134,67239166,375483,53466,29075,123558049,185749
2019-10-04,56203,223451,42739111,531208,116739,213991,60744419,559379,-60536,9460,-18005308,-28171,6121,155,8301217,159,33226,1705,65736409,5309,-27105,-1550,-57435192,-5150,116648,170442,192622462,582340,64055,141861,68061624,406801,52593,28581,124560838,175539
2019-10-03,52137,204858,38238669,549138,114799,184092,58970514,522712,-62662,20766,-20731845,26426,6122,155,8284700,267,32540,1705,64079536,7130,-26418,-1550,-55794836,-6863,117248,162796,192221892,607696,64944,132239,69532765,423628,52304,30557,122689127,184068
2019-10-02,52075,186973,38650671,474148,110588,149743,57621934,452949,-58513,37230,-18971263,21199,6127,155,8347045,179,33896,1705,67482901,5146,-27769,-1550,-59135856,-4967,115803,138723,191255901,512313,60836,121796,66651550,313464,54967,16927,124604351,198849
2019-10-01,53695,219844,40375031,524711,109896,176902,59224137,487616,-56201,42942,-18849106,37095,6139,162,8398040,105,35430,1712,71031289,4706,-29291,-1550,-62633249,-4601,118428,155104,195576827,541252,57406,124944,62162140,300516,61022,30160,133414687,240736
2019-09-27,47236,206267,33763543,489233,106084,184103,51391928,495531,-58848,22164,-17628385,-6298,6106,162,8224506,251,36079,1762,71576893,7570,-29973,-1600,-63352387,-7319,111561,153121,181926521,556307,59720,121917,63301910,356799,51841,31204,118624611,199508
2019-09-26,47196,197901,32976909,472506,103523,172650,49433589,508546,-56327,25251,-16456680,-36040,6107,162,8237129,254,36846,162,73356886,279,-30739,0,-65119757,-25,108448,146914,178304330,560632,61751,118092,66853501,351406,46697,28822,111450829,209226
2019-09-25,45076,173803,31753281,463536,101440,137390,50078880,456222,-56364,36413,-18325599,7314,6346,162,8754398,279,36851,162,73349264,304,-30505,0,-64594866,-25,108432,138355,177089625,563519,61299,114183,68399015,360347,47133,24172,108690610,203172
2019-09-24,46383,199896,33332842,465913,98929,176371,49208634,467185,-52546,23525,-15875792,-1272,6769,165,9726021,204,36470,162,72953019,486,-29701,3,-63226998,-282,107516,140202,178317727,580470,52978,124028,61896513,350031,54538,16174,116421214,230439
2019-09-23,44677,196906,30093087,459365,95594,175039,45572448,473501,-50917,21867,-15479361,-14136,6772,165,9718703,237,35661,162,71101865,449,-28889,3,-61383162,-212,105921,133922,174662823,571669,50140,122247,58709742,356533,55781,11675,115953081,215136
2019-09-20,43783,187356,29193535,465041,96128,152704,47228538,443320,-52345,34652,-18035003,21721,6785,165,9759435,248,34956,112,69615276,290,-28171,53,-59855841,-42,107830,125839,177563552,565627,46214,109762,57537042,344930,61616,16077,120026510,220697
2019-09-19,41943,169328,28282332,449539,95048,140993,47180550,422273,-53105,28335,-18898218,27266,6785,165,9732075,332,34961,112,69419603,255,-28176,53,-59687528,77,101272,114636,169728933,529950,44189,98731,57822511,344496,57083,15905,111906422,185454
2019-09-18,39502,128473,26175616,402015,92474,94620,47266248,344345,-52972,33853,-21090632,57670,6784,165,9753547,337,35286,112,70302479,295,-28502,53,-60548932,42,101053,99896,171414091,504705,34233,72300,47624296,293722,66820,27596,123789795,210983
2019-09-17,70053,239978,51029575,689083,130935,268506,64726410,687091,-60882,-28528,-13696835,1992,6620,168,9355065,294,35218,1788,69715095,947,-28598,-1620,-60360030,-653,138457,215018,240083655,891938,70910,176724,110496424,614836,67547,38294,129587231,277102
2019-09-16,67708,233530,43497099,682933,130759,240327,57990083,674637,-63051,-6797,-14492984,8296,6558,168,9245377,313,35312,1773,69860250,1122,-28754,-1605,-60614873,-809,141333,202657,242335075,928787,64330,170189,99478340,627121,77003,32468,142856735,301666
2019-09-12,66830,204796,43601433,607600,131297,236268,57768164,602642,-64467,-31472,-14166731,4958,6581,175,9262960,43,33942,1774,66666354,1086,-27361,-1599,-57403394,-1043,121300,196146,201709619,792157,57454,154725,80671837,568141,63846,41421,121037782,224016
2019-09-11,64865,183737,40948005,578470,131328,195786,57546889,468130,-66463,-12049,-16598884,110340,6586,175,9231659,106,31535,1775,61181964,1237,-24949,-1600,-51950305,-1131,108904,181894,173039301,649360,44269,147026,52087564,549409,64635,34868,120951737,99951
2019-09-10,64037,236789,39837610,627154,134377,254202,60585762,493275,-70340,-17413,-20748152,133879,6594,176,9220613,26,31495,1747,60917135,1304,-24901,-1571,-51696522,-1278,110709,192936,174324987,610403,44955,155567,52328495,558370,65754,37369,121996492,52033
2019-09-09,62279,238377,39410298,686785,134082,241963,60969995,533528,-71803,-3586,-21559697,153257,6600,176,9276062,29,30488,1747,59034897,1586,-23888,-1571,-49758835,-1557,114710,195035,179903629,700186,44946,145453,51180487,558974,69764,49582,128723142,141212
2019-09-06,58903,229765,37780337,694096,131570,236205,59488192,538124,-72667,-6440,-21707855,155972,6636,176,9330462,50,29790,1747,57388462,1726,-23154,-1571,-48058000,-1676,115496,196779,177055788,704487,45432,136269,51218938,563277,70064,60510,125836850,141210
2019-09-05,57921,207572,36930714,650135,131432,213869,60193575,505194,-73511,-6297,-23262861,144941,6642,176,9302634,73,30068,1763,57802062,2025,-23426,-1587,-48499428,-1952,113477,179913,172513351,588253,47257,138208,53741042,514633,66220,41705,118772309,73620
2019-09-04,53419,186919,34538209,621431,128773,181927,61563383,427687,-75354,4992,-27025174,193744,7020,175,10024686,140,29698,1795,56517184,2394,-22678,-1620,-46492498,-2254,116362,156222,177003717,441977,49461,115433,56490611,436881,66901,40789,120513106,5096
2019-09-03,49468,222555,31069384,635550,124841,230311,56170712,458811,-75373,-7756,-25101328,176739,7018,182,9928127,133,30119,1799,56864627,3498,-23101,-1617,-46936500,-3365,105740,167509,162359208,425119,51478,129166,56691804,502020,54262,38343,105667404,-76901
2019-09-02,49042,211307,30064245,659690,120912,203043,53716115,439693,-71870,8264,-23651870,219997,7037,182,10001747,99,29912,1799,56755683,2742,-22875,-1617,-46753936,-2643,107634,158389,166393553,429108,46419,117126,51577769,480148,61215,41263,114815784,-51040
2019-08-30,44809,203748,27704773,680018,116350,183670,53022630,406858,-71541,20078,-25317857,273160,7023,182,9947032,148,29222,1799,55160505,3699,-22199,-1617,-45213473,-3551,106764,157837,165072782,449942,46238,112491,54470822,507770,60526,45346,110601960,-57828
2019-08-29,39230,175022,23000828,639960,112748,184851,48520823,407758,-73518,-9829,-25519995,232202,6989,182,9745572,336,30004,1399,56057271,4251,-23015,-1217,-46311699,-3915,102041,141464,156307144,428131,46302,109391,54210394,578555,55739,32073,102096750,-150424
2019-08-28,36061,146637,21725144,619773,108850,162087,46471860,384881,-72789,-15450,-24746716,234892,7000,182,9739038,394,30005,1399,55964403,4661,-23005,-1217,-46225365,-4267,96740,127708,148728245,407987,47333,93616,56353669,576878,49407,34092,92374576,-168891
2019-08-27,36277,188564,23448179,647537,108318,227584,48688122,480797,-72041,-39020,-25239943,166740,7011,196,9720768,467,30323,1408,56352175,823,-23312,-1212,-46631407,-356,94713,132011,146558123,434456,48252,106876,55173525,605962,46461,25135,91384598,-171506
2019-08-26,34454,177658,21993813,718866,108087,206177,48330568,540554,-73633,-28519,-26336755,178312,6996,196,9627640,869,30328,1408,56056921,3299,-23332,-1212,-46429281,-2430,93334,124006,145690786,479724,53477,107576,64234414,702917,39857,16430,81456372,-223193
2019-08-23,32088,139542,21912072,513049,101167,157375,45112767,319278,-69079,-17833,-23200695,193771,7010,196,9834669,311,30318,1208,57073219,1619,-23308,-1012,-47238550,-1308,93673,122381,148255194,399790,39984,101249,54349081,520019,53689,21132,93906113,-120229
2019-08-22,30226,133271,20583102,516882,97270,148746,43422578,326078,-67044,-15475,-22839476,190804,6850,196,9472858,398,30073,1208,56835265,2251,-23223,-1012,-47362407,-1853,90361,114189,143875888,395674,38402,90328,54586117,509186,51959,23861,89289771,-113512
2019-08-21,27539,115134,18942498,514240,94264,107927,43220635,255174,-66725,7207,-24278137,259066,6735,196,9338605,411,31232,1208,59344759,2392,-24497,-1012,-50006154,-1981,93498,95033,148531366,367411,31882,80609,47599196,516412,61616,14424,100932170,-149001
2019-08-20,49194,233949,27807081,733692,127333,239332,56208173,407036,-78139,-5383,-28401092,326656,6746,196,9356065,308,30958,1608,58747314,669,-24212,-1412,-49391249,-361,111767,183433,171800376,499014,50179,182159,73044081,694034,61588,1274,98756295,-195020
2019-08-19,48675,217690,28205424,697974,126186,247679,51723426,452911,-77511,-29989,-23518002,245063,6759,194,9335917,201,31487,1608,59445366,1285,-24728,-1414,-50109449,-1084,108583,185011,164332466,534795,50492,181932,73079930,782573,58091,3079,91252536,-247778
2019-08-16,46758,217914,25979487,778172,128493,244066,51217412,507098,-81735,-26152,-25237925,271074,6725,197,9206268,210,31521,1608,59231772,3287,-24796,-1411,-50025504,-3077,108162,169534,161284733,565670,50125,179917,70561341,939343,58037,-10383,90723392,-373673
2019-08-15,47438,195465,28684870,694504,133375,229961,57029995,511736,-85937,-34496,-28345125,182768,6692,197,9041122,558,32274,1608,60180510,7159,-25582,-1411,-51139388,-6601,106992,159219,160800419,631687,59162,167264,75394395,969292,47830,-8045,85406024,-337605
2019-08-14,49260,171523,30227674,523041,130442,201676,54170792,419658,-81182,-30153,-23943118,103383,6854,198,9197837,245,30595,1545,57647423,3382,-23741,-1347,-48449586,-3137,104944,149708,152803680,507624,53850,145361,67681419,665202,51094,4347,85122261,-157578
2019-08-13,50684,216585,31671824,596266,134236,269511,54767486,548570,-83552,-52926,-23095662,47696,6871,199,9158992,191,29216,1475,54319446,6158,-22345,-1276,-45160454,-5967,107408,170193,150628318,485986,56957,149991,69845682,695756,50451,20202,80782636,-209770
2019-08-12,50926,213868,33216883,545215,130848,259114,50735485,515909,-79922,-45246,-17518602,29306,6873,199,9249551,168,29151,1475,54691885,3739,-22278,-1276,-45442334,-3571,108554,166150,152011928,457423,58216,152649,73552051,566696,50338,13501,78459877,-109273
2019-08-08,55537,315893,54151739,814677,53744,311230,52842037,788881,1793,4663,1309702,25796,187,0,381889,0,9,0,4696,0,178,0,377193,0,193846,149738,227846670,462663,189747,138411,223864138,449588,4099,11327,3982532,13075
2019-08-07,55818,475979,52631093,744691,52220,492644,51369571,740366,3598,-16665,1261522,4325,526,645,1088406,7548,81,1095,165912,6844,445,-450,922494,704,156288,164530,182659479,395510,150280,163446,172978961,394987,6008,1084,9680518,523
2019-08-06,84540,638191,83013073,1761007,79465,653886,78303083,1780827,5075,-15695,4709990,-19820,346,513,713899,7439,22,19,45291,262,324,494,668608,7177,247821,237820,286742720,903324,247810,235024,286831788,848691,11,2796,-89068,54633
2019-08-05,55080,369387,51021630,809013,56956,378993,55028908,791290,-1876,-9606,-4007278,17723,2079,32,4112486,122,75,38,154415,502,2004,-6,3958071,-380,180476,141390,214842875,439788,177598,141240,211528966,446361,2878,150,3313909,-6573
2019-08-02,62133,411184,57444922,916033,60964,431684,56163098,968199,1169,-20500,1281824,-52166,5,217,8927,43,473,75,990885,147,-468,142,-981958,-104,190534,152936,227068754,507285,199278,168415,237506273,508547,-8744,-15479,-10437519,-1262
2019-08-01,37874,237844,36781736,438196,37960,251333,35114058,490418,-86,-13489,1667678,-52222,300,0,638742,0,78,0,166015,0,222,0,472727,0,125398,73317,152693795,206753,135506,83052,165708801,219692,-10108,-9735,-13015006,-12939
2019-07-31,49708,413101,47999925,544005,46364,438268,44792455,621244,3344,-25167,3207470,-77239,49,205,102288,98,27,206,53133,39,22,-1,49155,59,115504,105911,133072234,252219,117317,104810,131748332,243634,-1813,1101,1323902,8585
2019-07-30,36382,260785,29707204,376902,40583,253914,35560749,335356,-4201,6871,-5853545,41546,210,0,151462,0,16,0,24709,0,194,0,126753,0,91792,49632,100012379,129224,98794,51217,110256251,140214,-7002,-1585,-10243872,-10990
2019-07-29,31466,174677,26715735,278459,32592,175315,26559429,278646,-1126,-638,156306,-187,9,0,6685,0,10,0,21562,0,-1,0,-14877,0,83696,44337,98510026,130301,83984,47124,98818780,135837,-288,-2787,-308754,-5536
2019-07-26,24438,100473,18640068,161762,28052,116997,20280565,207850,-3614,-16524,-1640497,-46088,43,0,79837,0,228,1400,491891,4563,-185,-1400,-412054,-4563,71760,39802,80392857,108968,80761,44400,89282957,123564,-9001,-4598,-8890100,-14596
2019-07-25,34827,141124,27840742,263171,31998,155652,22173338,298334,2829,-14528,5667404,-35163,23,0,40029,0,214,0,463191,0,-191,0,-423162,0,89518,50704,92794256,155906,88182,57713,94273721,161035,1336,-7009,-1479465,-5129
2019-07-24,30289,255317,28201778,329620,36011,260298,29702356,338237,-5722,-4981,-1500578,-8617,301,145,627842,77,110,149,88242,1,191,-4,539600,76,81215,61952,89273959,141213,82538,69388,90905556,168043,-1323,-7436,-1631597,-26830
2019-07-23,35377,208363,30853847,308727,36340,213707,30767408,289954,-963,-5344,86439,18773,17,0,36734,0,107,0,117732,0,-90,0,-80998,0,86411,65298,95967130,177582,90208,63194,99477807,174400,-3797,2104,-3510677,3182
2019-07-22,37285,191570,34747048,316473,31285,193278,28854074,324934,6000,-1708,5892974,-8461,9,0,19430,0,923,0,1989264,0,-914,0,-1969834,0,89777,59039,106905928,170587,82662,62189,95307381,179050,7115,-3150,11598547,-8463
2019-07-19,41451,250426,40526764,508360,44592,227761,41760311,425888,-3141,22665,-1233547,82472,147,0,297281,0,2144,0,4599578,0,-1997,0,-4302297,0,110492,61687,130804153,181485,107070,57378,124757739,176957,3422,4309,6046414,4528
2019-07-18,28747,132577,21116504,260140,30424,136228,22823355,265068,-1677,-3651,-1706851,-4928,15,0,31992,0,706,0,1489882,0,-691,0,-1457890,0,92154,61759,101797181,154426,83366,48975,87122149,142940,8788,12784,14675032,11486
2019-07-17,65833,355466,58236366,494020,75061,364522,68993185,467351,-9228,-9056,-10756819,26669,46,302,94149,699,52,300,109251,171,-6,2,-15102,528,116382,87263,144304455,191426,119069,92979,146273617,201716,-2687,-5716,-1969162,-10290
2019-07-16,57831,232261,58549144,347862,56161,220874,57133828,302674,1670,11387,1415316,45188,14388,77,24042388,366,12579,75,19977817,47,1809,2,4064571,319,126927,67786,174070468,187489,133965,72312,186654723,203702,-7038,-4526,-12584255,-16213
2019-07-15,64128,304541,62891488,462083,63241,311895,60745774,473648,887,-7354,2145714,-11565,18309,58,37248717,305,18243,58,36764601,3,66,0,484116,302,154135,90135,210723092,259443,156438,97587,214399759,257549,-2303,-7452,-3676667,1894
2019-07-12,44391,149555,42102877,265371,46719,174816,40162785,309409,-2328,-25261,1940092,-44038,4893,0,9246592,0,4559,0,8567629,0,334,0,678963,0,101865,61961,121553931,193479,106816,58017,127100316,185993,-4951,3944,-5546385,7486
2019-07-11,46438,211816,41843968,369341,43626,207050,40096316,371516,2812,4766,1747652,-2175,74,17,157575,100,604,19,1264516,2,-530,-2,-1106941,98,111153,84882,130955349,242872,109092,84493,127803777,245900,2061,389,3151572,-3028
2019-07-10,49746,403307,50537159,530901,47815,338846,48854516,447618,1931,64461,1682643,83283,545,190,1162697,137,20,192,42924,8,525,-2,1119773,129,107337,96804,122460630,257533,96536,94248,110577393,240765,10801,2556,11883237,16768
2019-07-09,31141,196607,25830486,236142,34258,211399,28074214,265780,-3117,-14792,-2243728,-29638,4,300,3764,1603,8,300,4435,846,-4,0,-671,757,88042,65750,93739360,171008,90823,63815,98519474,167670,-2781,1935,-4780114,3338
2019-07-08,45488,229860,41552738,395015,46745,236016,41062662,422398,-1257,-6156,490076,-27383,584,0,1241867,0,15,0,31995,0,569,0,1209872,0,116478,82217,133622627,243088,121049,89722,137069061,263321,-4571,-7505,-3446434,-20233
2019-07-05,28506,141636,22471812,248157,30567,144381,23830922,242959,-2061,-2745,-1359110,5198,168,0,339100,0,56,0,108620,0,112,0,230480,0,76820,41267,85776494,123291,77345,45051,87175392,140036,-525,-3784,-1398898,-16745
2019-07-04,32428,176625,27579290,331476,30819,162940,26120719,287346,1609,13685,1458571,44130,1482,0,3174090,0,0,494,0,1530,1482,-494,3174090,-1530,88393,54280,94180890,166773,83051,49249,90604551,159197,5342,5031,3576339,7576
2019-07-03,51213,335018,53058939,531739,52915,351900,54487883,599630,-1702,-16882,-1428944,-67891,3267,1204,6936919,1904,62,1160,131456,4471,3205,44,6805463,-2567,108413,66994,124629199,165795,112536,71992,130685245,182055,-4123,-4998,-6056046,-16260
2019-07-02,27993,179645,26290909,246202,29912,175787,27188699,266210,-1919,3858,-897790,-20008,1388,0,2971833,0,64,0,137585,0,1324,0,2834248,0,75458,56807,85199873,163601,78276,61145,90290576,166703,-2818,-4338,-5090703,-3102
2019-07-01,43892,293828,40257416,582888,44351,257452,40212627,456521,-459,36376,44789,126367,2582,0,5540838,0,50,0,107765,0,2532,0,5433073,0,100854,89935,116237818,279355,99440,82165,116001448,239387,1414,7770,236370,39968
